12 298
12 299
12 300
12 301
12 302
12 303
12 304
12 305
12 306
12 307
12 308
12 309
12 310
12 311
12 312
12 313
12 332
12 333
12 334
12 335
12 336
12 338
12 339
12 342
12 343
12 349
12 350
12 351
12 352
12 353
12 354
12 355
12 356
12 357
12 358
12 359
12 360
12 361
12 362
12 363
12 364
12 365
12 366
12 237
12 238
12 249
12 287
12 295
12 340
12 345
12 346
12 347
13 411
13 412
13 460
13 461
13 462
13 463
13 464
13 465
13 466
13 469
13 476
13 541
13 551
13 549
13 553
13 554
13 556
13 542
13 574
13 575
13 576
13 582
13 580
13 581
13 590
13 591
13 592
13 593
13 601
13 602
13 603
13 604
13 605
13 608
13 606
13 609
13 607
13 252
13 255
13 256
13 437
13 441
13 445
13 446
13 449
13 509
13 513
13 525
13 527
13 528
13 529
13 543
13 565
13 586
13 587
13 588
14 733
14 734
14 735
14 736
14 737
14 738
14 739
14 740
14 741
14 742
14 743
14 744
14 44932
14 781
14 782
14 783
14 784
14 785
14 786
14 787
14 788
14 789
14 790
14 791
14 792
14 793
14 794
14 795
14 796
14 797
14 798
14 799
14 800
14 801
14 802
14 803
14 804
14 805
14 806
14 807
14 808
14 809
14 810
14 811
14 812
14 813
14 814
14 815
14 816
14 2990
14 3006
15 724
15 725
15 726
15 727
15 728
15 729
15 730
15 731
15 732
15 923
15 925
15 927
15 709
15 710
15 711
15 712
15 713
15 714
15 715
15 716
15 717
15 718
15 719
15 720
15 721
15 722
15 723
15 820
15 821
15 825
15 826
15 827
15 836
15 837
15 838
15 839
15 840
15 841
15 842
15 843
15 856
15 857
15 858
15 859
15 860
15 861
15 862
15 863
15 864
15 865
15 866
15 867
15 888
15 889
15 890
15 891
15 892
15 893
15 894
15 895
15 896
15 897
15 2992
15 2999
15 3001
16 696
16 697
16 698
16 699
16 700
16 701
16 702
16 703
16 704
16 706
16 707
16 708
16 962
16 1046
16 1085
16 1086
16 663
16 664
16 665
16 666
16 667
16 668
16 669
16 670
16 674
16 675
16 676
16 678
16 682
16 683
16 689
17 260
17 261
17 262
17 263
17 264
434 965458856133562368
434 965573204499779584
434 5726
434 5803
434 5804
434 5806
434 966247795744329728
434 966235055998885888
434 6085
434 6096
434 6098
434 6178
434 6182
434 6222
434 6472
434 6475
434 5404
434 5405
434 5653
434 5654
434 5811
434 5860
434 5865
434 5869
434 5891
434 5892
434 5893
434 6101
434 6103
434 6104
434 6180
434 6259
434 6476
434 6477
434 6495
434 6541
434 6544
434 6542
91827364500 91827364500
988034414048743424 988038293285015552
988034414048743424 988038562512924672
988034414048743424 988039902048034816
988034414048743424 988036281675845632
988034414048743424 988036689915572224
994805046380707840 994805147132084224
994805046380707840 994805145370476544
994805046380707840 994805143738892288
994805046380707840 994805142086336512
994805046380707840 994805140211482624
994805046380707840 994805138600869888
994805046380707840 994805136889593856
994805046380707840 994805135224455168
994805046380707840 994805133597065216
994805046380707840 994805132040978432
994805046380707840 994805130426171392
994805046380707840 994805128870084608
994805046380707840 994805127389495296
994805046380707840 994805125929877504
994805046380707840 994805124398956544
994805046380707840 994805122985476096
994805046380707840 994805121500692480
994805046380707840 994805119944605696
994805046380707840 994805118568873984
994805046380707840 994805117167976448
994805046380707840 994805115792244736
994805046380707840 994805114445873152
994805046380707840 994805113036587008
994805046380707840 994805111694409728
994805046380707840 994805110318678016
994805046380707840 994805108934557696
994805046380707840 994805107638517760
994805046380707840 994805106325700608
994805046380707840 994805104983523328
994805046380707840 994805103557459968
994805046380707840 994805102173339648
994805046380707840 994805100684361728
994805046380707840 994805099426070528
994805046380707840 994805098188750848
994805046380707840 994805097018540032
994805046380707840 994805095676362752
994805046380707840 994805094485180416
994805046380707840 994805093038145536
994805046380707840 994805091888906240
994805046380707840 994805090748055552
994805046380707840 994805089657536512
994805046380707840 994805088529268736
994805046380707840 994805087447138304
994805046380707840 994805086365007872
994805046380707840 994805085295460352
994805046380707840 994805084284633088
994805046380707840 994805083282194432
994805046380707840 994805082313310208
994805046380707840 994805081289900032
994805046380707840 994805080346181632
994805046380707840 994805079364714496
994805046380707840 994805078400024576
994805046380707840 994805077443723264
994805046380707840 994805076512587776
994805046380707840 994805075543703552
994805046380707840 994805074646122496
994805046380707840 1111914599408664576
994805046380707840 1111914599408664577
994805046380707840 1111914599412858880
994805046380707840 1111914599412858881
994805046380707840 1111914599412858882
994805046380707840 1111914599412858883
994805046380707840 1111914599412858884
994805046380707840 1111914599412858885
994805046380707840 1336215880692482048
994805046380707840 1336215880692482049
994805046380707840 1336215880692482050
994805046380707840 1336215880692482051
994805046380707840 1336215880692482052
994805046380707840 1336215880692482053
994805046380707840 1336215880692482054
994805046380707840 1336215880692482055
994805046380707840 1386335159927652352
994805046380707840 1386335159927652353
994805046380707840 1386335159927652354
994805046380707840 1386335159927652355
994805046380707840 1386335159927652356
994805046380707840 1386335159927652357
994805046380707840 1386335159927652358
994805046380707840 1386335159927652359
994805046380707840 1518580608921436160
994805046380707840 1518581097939525632
994805046380707840 1518581226784346112
994805046380707840 1518581337161646080
994805046380707840 1518581694528933888
994805046380707840 1518581803354341376
994805046380707840 1518581903422062592
994805046380707840 1518582000729911296
994805046380707840 994805073643683840
994805046380707840 994805072641245184
994805046380707840 994805071789801472
994805046380707840 994805070971912192
994805046380707840 994805070149828608
994805046380707840 994805069361299456
994805046380707840 994805068539215872
994805046380707840 994805067704549376
994805046380707840 994805066890854400
994805046380707840 994805066135879680
994805046380707840 994805065406070784
994805046380707840 994805064676261888
994805046380707840 994805063963230208
994805046380707840 994805063166312448
994805046380707840 994805062432309248
994805046380707840 994805061056577536
994805046380707840 994805059731177472
994805046380707840 994805059118809088
994805046380707840 994805058485469184
994805046380707840 994805057860517888
994805046380707840 994805057298481152
994805046380707840 994805056736444416
994805046380707840 994805056195379200
994805046380707840 994805055679479808
994805046380707840 994805055176163328
994805046380707840 994805054698012672
994805046380707840 1111914599412858886
994805046380707840 1111914599412858887
994805046380707840 1111914599412858888
994805046380707840 1111914599412858889
994805046380707840 1336215880692482056
994805046380707840 1336215880692482057
994805046380707840 1336215880692482058
994805046380707840 1336215880692482059
994805046380707840 1386335159927652360
994805046380707840 1386335159927652361
994805046380707840 1386335159927652362
994805046380707840 994805053141925888
994805046380707840 994805052626026496
994805046380707840 994805049870368768
994805046380707840 994805047903240192
994805046380707840 1386335159927652365
994805260223102976 994805325918486528
994805260223102976 994805324509200384
994805260223102976 994805323154440192
994805260223102976 994805321640296448
994805260223102976 994805320306507776
994805260223102976 994805318855278592
994805260223102976 994805317546655744
994805260223102976 994805316250615808
994805260223102976 994805314941992960
994805260223102976 994805313708867584
994805260223102976 994805312417021952
994805260223102976 994805311146147840
994805260223102976 994805309963354112
994805260223102976 994805308755394560
994805260223102976 994805307551629312
994805260223102976 994805306310115328
994805260223102976 994805305181847552
994805260223102976 994805304020025344
994805260223102976 994805302786899968
994805260223102976 994805301562163200
994805260223102976 994805300404535296
994805260223102976 994805299301433344
994805260223102976 994805298269634560
994805260223102976 994805297229447168
994805260223102976 994805296180871168
994805260223102976 994805295203598336
994805260223102976 994805294251491328
994805260223102976 994805293282607104
994805260223102976 994805292322111488
994805260223102976 994805291311284224
994805260223102976 994805290334011392
994805260223102976 994805289432236032
994805260223102976 994805288530460672
994805260223102976 994805287624491008
994805260223102976 994805286714327040
994805260223102976 994805285812551680
994805260223102976 994805284923359232
994805260223102976 994805284092887040
994805260223102976 994805283241443328
994805260223102976 994805282389999616
994805260223102976 994805281567916032
994805260223102976 994805280817135616
994805260223102976 994805280074743808
994805260223102976 994805279328157696
994805260223102976 994805278589960192
994805260223102976 994805277847568384
994805260223102976 994805277163896832
994805260223102976 994805276438282240
994805260223102976 994805275792359424
994805260223102976 994805275146436608
994805260223102976 994805274496319488
994805260223102976 994805273883951104
994805260223102976 994805273284165632
994805260223102976 994805272659214336
994805260223102976 994805272021680128
994805260223102976 994805271455449088
994805260223102976 994805270914383872
994805260223102976 994805270356541440
994805260223102976 994805269828059136
994805260223102976 994805269312159744
994805260223102976 994805268817231872
994805260223102976 994805268334886912
994805260223102976 994805267860930560
994805260223102976 994805267416334336
994805260223102976 994805266942377984
994805260223102976 994805266514558976
994805260223102976 994805266007048192
994805260223102976 994805265579229184
994805260223102976 994805265159798784
994805260223102976 994805264706813952
994805260223102976 994805264312549376
994805260223102976 994805263964422144
994805260223102976 994805263624683520
994805260223102976 994805263297527808
994805260223102976 994805262953594880
994805260223102976 994805262622244864
994805260223102976 994805262303477760
994805260223102976 994805262018265088
994805260223102976 994805261754023936
994805260223102976 994805261493977088
994805260223102976 994805261217153024
994805260223102976 994805260990660608
994805260223102976 994805260780945408
994805260223102976 994805260583813120
994805260223102976 994805260353126400
994805260223102976 1038429065476579328
994805260223102976 1038429191091781632
994805260223102976 1038429286185074688
994805260223102976 1038429385296453632
994805260223102976 1038429484026175488
994805260223102976 1071785664454127616
994805260223102976 1071785779399028736
994805260223102976 1071785884776722432
994805260223102976 1071785997033074688
994805260223102976 1071786104348536832
994805260223102976 1478633632938655744
994805260223102976 1478633729396088832
994805260223102976 1478633798962888704
994805260223102976 1478633879405998080
994805260223102976 1478633948431106048
994805260223102976 1478634052026146816
994805260223102976 1478634116941389824
994805260223102976 1478634171962896384
994805260223102976 1478634235812786176
994805260223102976 1478634321389170688
994805260223102976 1478634404943273984
994805260223102976 1478634461852217344
994805260223102976 1478634527046828032
994805260223102976 1478634605024231424
994805260223102976 1478634682663895040
994805342720868352 994805528788582400
994805342720868352 994805526272000000
994805342720868352 994805523835109376
994805342720868352 994805521431773184
994805342720868352 994805519074574336
994805342720868352 994805516654460928
994805342720868352 994805514284679168
994805342720868352 994805511923286016
994805342720868352 994805509540921344
994805342720868352 994805507225665536
994805342720868352 994805504927186944
994805342720868352 994805502658068480
994805342720868352 994805500414115840
994805342720868352 994805498207911936
994805342720868352 994805495863296000
994805342720868352 994805493648703488
994805342720868352 994805491530579968
994805342720868352 994805489282433024
994805342720868352 994805487143337984
994805342720868352 994805485033603072
994805342720868352 994805482919673856
994805342720868352 994805480801550336
994805342720868352 994805478658260992
994805342720868352 994805476473028608
994805342720868352 994805474338127872
994805342720868352 994805472333250560
994805342720868352 994805470349344768
994805342720868352 994805468327690240
994805342720868352 994805466364755968
994805342720868352 994805464397627392
994805342720868352 994805462535356416
994805342720868352 994805460652113920
994805342720868352 994805458722734080
994805342720868352 994805456881434624
994805342720868352 994805454989803520
994805342720868352 994805453203030016
994805342720868352 994805451374313472
994805342720868352 994805449625288704
994805342720868352 994805447855292416
994805342720868352 994805446102073344
994805342720868352 994805444361437184
994805342720868352 994805442671132672
994805342720868352 994805440976633856
994805342720868352 994805439202443264
994805342720868352 994805437411475456
994805342720868352 994805435700199424
994805342720868352 994805433955368960
994805342720868352 994805432256675840
994805342720868352 994805430595731456
994805342720868352 994805429018673152
994805342720868352 994805427332562944
994805342720868352 994805425780670464
994805342720868352 994805424153280512
994805342720868352 994805422639136768
994805342720868352 994805421066272768
994805342720868352 994805419468242944
994805342720868352 994805417945710592
994805342720868352 994805416519647232
994805342720868352 994805415005503488
994805342720868352 994805413520719872
994805342720868352 994805411985604608
994805342720868352 994805410555346944
994805342720868352 994805409175420928
994805342720868352 994805407749357568
994805342720868352 994805406352654336
994805342720868352 994805404939173888
994805342720868352 994805403651522560
994805342720868352 994805402305150976
994805342720868352 994805400954585088
994805342720868352 994805399578853376
994805342720868352 994805398257647616
994805342720868352 994805396953219072
994805342720868352 994805395707510784
994805342720868352 994805394512134144
994805342720868352 994805393241260032
994805342720868352 994805392092020736
994805342720868352 994805390896644096
994805342720868352 994805389634158592
994805342720868352 994805388447170560
994805342720868352 994805387268571136
994805342720868352 994805386161274880
994805342720868352 994805385053978624
994805342720868352 994805383929905152
994805342720868352 994805382902300672
994805342720868352 994805381845336064
994805342720868352 994805380754817024
994805342720868352 994805379664297984
994805342720868352 994805378443755520
994805342720868352 994805377432928256
994805342720868352 994805376476626944
994805342720868352 994805375457411072
994805342720868352 994805374509498368
994805342720868352 994805373582557184
994805342720868352 994805372601090048
994805342720868352 994805371602845696
994805342720868352 994805370650738688
994805342720868352 994805369774129152
994805342720868352 994805368847187968
994805342720868352 994805367987355648
994805342720868352 994805367156883456
994805342720868352 994805366343188480
994805342720868352 994805365537882112
994805342720868352 994805364711604224
994805342720868352 994805363914686464
994805342720868352 994805363117768704
994805342720868352 994805362341822464
994805342720868352 994805361586847744
994805342720868352 994805360777347072
994805342720868352 994805360043343872
994805342720868352 994805359372255232
994805342720868352 994805358663417856
994805342720868352 994805357933608960
994805342720868352 994805357258326016
994805342720868352 994805356599820288
994805342720868352 994805355987451904
994805342720868352 994805355358306304
994805342720868352 994805354762715136
994805342720868352 994805354108403712
994805342720868352 994805353470869504
994805342720868352 994805352925609984
994805342720868352 994805352359378944
994805342720868352 994805351814119424
994805342720868352 994805351302414336
994805342720868352 994805350803292160
994805342720868352 994805350316752896
994805342720868352 994805349851185152
994805342720868352 994805349394006016
994805342720868352 994805348915855360
994805342720868352 994805348471259136
994805342720868352 994805347921805312
994805342720868352 994805347523346432
994805342720868352 994805347145859072
994805342720868352 994805346776760320
994805342720868352 994805346428633088
994805342720868352 994805346063728640
994805342720868352 994805345732378624
994805342720868352 994805345401028608
994805342720868352 994805345078067200
994805342720868352 994805344776077312
994805342720868352 994805344490864640
994805342720868352 994805344222429184
994805342720868352 994805343979159552
994805342720868352 994805343727501312
994805342720868352 994805343463260160
994805342720868352 994805343236767744
994805342720868352 994805343043829760
994805342720868352 994805342821531648
994805342720868352 1038429808099098624
994805342720868352 1038429908921778176
994805342720868352 1038430013544464384
994805342720868352 1038430130011897856
994805342720868352 1071785055080476672
994805342720868352 1071785190929788928
994805342720868352 1071785301894295552
994805342720868352 1071785408849047552
994805342720868352 1478634912848322560
994805342720868352 1478634991737962496
994805342720868352 1478635060278108160
994805342720868352 1478635126488367104
994805342720868352 1478635415925800960
994805342720868352 1478635524918910976
994805342720868352 1478635599577522176
994805342720868352 1478635670373253120
994805342720868352 1478635767601967104
994805342720868352 1478635841315209216
994805342720868352 1478635919459287040
994805342720868352 1478636026017230848
1111652100718116864 1163035698160459776
1111652100718116864 1163035698160459777
1111652100718116864 1163035698160459778
1111652100718116864 1163035698160459779
1111652100718116864 1163035698160459781
1111652100718116864 1163035698160459789
1111652100718116864 1111653039147499521
1111652100718116864 1111653039147499522
1111652100718116864 1111653039147499520
1111652100718116864 1111653447408467981
1111652100718116864 1111653447408467968
